tab	pmag_specimens
er_specimen_name	measurement_step_min	measurement_step_max	specimen_lab_field_dc_uT	specimen_int_corr_anisotropy	specimen_int_corr_nlt	specimen_int_corr_cooling_rate	specimen_int_uT	specimen_int_n	specimen_frac	specimen_int_ptrm_n	specimen_b_beta	specimen_gmax	specimen_k_prime	specimen_int_mad	specimen_int_dang	specimen_scat
NA02-1Ba	0	545	30	1.00	-1.00	-	72.1	1.200e+01	8.125e-01	5.000e+00	2.196e-02	3.660e-01	1.733e-02	3.769e+00	2.085e+00	t
NA02-1Ba	0	560	30	1.00	-1.00	-	71.2	1.300e+01	9.075e-01	5.000e+00	1.654e-02	3.277e-01	-3.590e-08	2.991e+00	2.069e+00	t
NA02-1Ba	0	570	30	1.00	-1.00	-	67.7	1.400e+01	9.346e-01	6.000e+00	2.499e-02	3.182e-01	-1.747e-08	2.631e+00	1.707e+00	t
NA02-1Ba	100	545	30	1.00	-1.00	-	72.7	1.100e+01	7.807e-01	5.000e+00	2.221e-02	3.809e-01	4.953e-02	3.408e+00	2.513e+00	t
NA02-1Ba	100	560	30	1.00	-1.00	-	71.6	1.200e+01	8.757e-01	5.000e+00	1.694e-02	3.396e-01	-2.475e-08	2.752e+00	2.343e+00	t
NA02-1Ba	200	560	30	1.00	-1.00	-	71.4	1.100e+01	8.520e-01	5.000e+00	1.853e-02	3.490e-01	-4.331e-08	2.843e+00	2.357e+00	t
NA02-1Ba	300	560	30	1.00	-1.00	-	71.2	1.000e+01	8.351e-01	5.000e+00	2.028e-02	3.561e-01	-3.414e-08	2.747e+00	2.241e+00	t
NA02-1Ba	350	560	30	1.00	-1.00	-	70.0	9.000e+00	7.920e-01	5.000e+00	1.215e-02	3.755e-01	-3.803e-07	2.751e+00	2.193e+00	t
NA02-1Ba	350	570	30	1.00	-1.00	-	66.1	1.000e+01	8.191e-01	6.000e+00	3.066e-02	3.631e-01	1.552e-01	2.437e+00	1.846e+00	t
NA02-1Bb	100	560	30	1.00	-1.00	-	69.1	1.200e+01	8.765e-01	5.000e+00	4.169e-02	3.432e-01	-2.054e-02	2.651e+00	6.441e-01	t
NA02-1Bb	200	560	30	1.00	-1.00	-	68.9	1.100e+01	8.340e-01	5.000e+00	4.571e-02	3.607e-01	-3.285e-02	2.725e+00	6.108e-01	t
NA02-1Bb	300	560	30	1.00	-1.00	-	69.4	1.000e+01	8.107e-01	5.000e+00	4.988e-02	3.711e-01	1.048e-03	2.707e+00	7.533e-01	t
NA02-1Bc	0	560	30	1.00	-1.00	-	67.3	1.300e+01	8.038e-01	5.000e+00	2.744e-02	1.780e-01	-3.090e-08	3.793e+00	2.639e+00	t
NA92-28Ca	0	530	30	1.00	-1.00	-	59.6	1.100e+01	8.068e-01	4.000e+00	2.049e-02	1.934e-01	-1.633e-02	1.817e+00	9.554e-01	t
NA92-28Ca	0	545	30	1.00	-1.00	-	57.1	1.200e+01	8.744e-01	5.000e+00	2.859e-02	1.784e-01	-3.018e-08	1.633e+00	8.319e-01	t
NA92-28Ca	100	545	30	1.00	-1.00	-	57.3	1.100e+01	8.402e-01	5.000e+00	3.435e-02	1.857e-01	1.535e-01	1.339e+00	5.026e-01	t
NA92-28Cb	0	530	30	1.00	-1.00	-	58.4	1.100e+01	8.190e-01	4.000e+00	2.176e-02	2.226e-01	1.268e-01	1.960e+00	3.998e-01	t
NA92-28Cc	0	530	30	1.00	-1.00	-	67.3	1.100e+01	9.543e-01	4.000e+00	2.608e-02	1.934e-01	-1.542e-01	2.419e+00	8.165e-01	t
NA92-28Cc	0	545	30	1.00	-1.00	-	64.8	1.200e+01	9.619e-01	5.000e+00	3.014e-02	1.919e-01	-4.169e-02	2.178e+00	6.105e-01	t
NA92-28Cc	0	560	30	1.00	-1.00	-	61.7	1.300e+01	9.655e-01	5.000e+00	3.920e-02	1.911e-01	6.962e-02	2.042e+00	4.043e-01	t
NA92-28Cc	100	510	30	1.00	-1.00	-	68.2	9.000e+00	8.183e-01	4.000e+00	2.945e-02	2.255e-01	-1.455e-01	1.791e+00	1.699e+00	t
NA92-28Cc	100	530	30	1.00	-1.00	-	69.1	1.000e+01	9.071e-01	4.000e+00	2.347e-02	2.034e-01	-1.248e-01	1.714e+00	1.183e+00	t
NA92-28Cc	100	545	30	1.00	-1.00	-	65.8	1.100e+01	9.147e-01	5.000e+00	3.323e-02	2.017e-01	-2.735e-07	1.594e+00	9.172e-01	t
NA92-28Cf	0	560	30	1.00	-1.00	-	68.1	1.300e+01	9.892e-01	5.000e+00	3.381e-02	2.413e-01	-1.625e-01	2.904e+00	2.518e-01	t
NA92-28Cf	100	560	30	1.00	-1.00	-	69.4	1.200e+01	9.242e-01	5.000e+00	3.433e-02	2.582e-01	3.237e-08	2.093e+00	6.296e-01	t
NA92-28Cf	200	545	30	1.00	-1.00	-	72.1	1.000e+01	8.459e-01	5.000e+00	4.116e-02	2.821e-01	5.470e-08	2.286e+00	6.732e-01	t
NA92-28Cf	200	560	30	1.00	-1.00	-	70.3	1.100e+01	8.560e-01	5.000e+00	3.722e-02	2.788e-01	3.118e-08	2.054e+00	5.561e-01	t
NA92-28Cf	300	545	30	1.00	-1.00	-	73.6	9.000e+00	7.955e-01	5.000e+00	4.260e-02	3.000e-01	6.925e-08	2.139e+00	5.376e-01	t
NA92-28Cf	300	560	30	1.00	-1.00	-	71.6	1.000e+01	8.056e-01	5.000e+00	3.973e-02	2.962e-01	9.793e-07	1.919e+00	4.680e-01	t
NA92-42Da	0	400	30	1.00	-1.00	-	58.8	6.000e+00	9.207e-01	2.000e+00	8.156e-02	4.617e-01	-2.437e-02	3.598e+00	1.558e+00	t
NA92-42Db	0	430	30	1.00	-1.00	-	54.9	7.000e+00	9.486e-01	2.000e+00	4.632e-02	4.794e-01	-1.204e-01	2.070e+00	2.349e+00	t
NA92-42Db	0	460	30	1.00	-1.00	-	54.2	8.000e+00	9.655e-01	3.000e+00	4.092e-02	4.710e-01	-4.416e-02	1.982e+00	2.295e+00	t
NA92-42Db	100	400	30	1.00	-1.00	-	58.2	5.000e+00	8.772e-01	2.000e+00	5.544e-02	5.184e-01	-8.400e-02	2.016e+00	2.367e+00	t
NA92-42Db	100	430	30	1.00	-1.00	-	57.4	6.000e+00	9.097e-01	2.000e+00	4.565e-02	4.999e-01	-9.276e-03	1.848e+00	2.732e+00	t
NA92-42Dc	0	400	30	1.00	-1.00	-	56.5	6.000e+00	9.050e-01	2.000e+00	4.668e-02	4.954e-01	-5.337e-03	2.662e+00	2.661e+00	t
NA92-42Dc	0	430	30	1.00	-1.00	-	55.3	7.000e+00	9.377e-01	2.000e+00	4.113e-02	4.781e-01	7.835e-02	2.386e+00	3.073e+00	t
NA92-42Dc	100	350	30	1.00	-1.00	-	60.5	4.000e+00	8.162e-01	1.000e+00	6.423e-02	5.493e-01	-8.961e-02	3.354e+00	3.325e+00	t
NA92-42Dc	100	400	30	1.00	-1.00	-	58.3	5.000e+00	8.861e-01	2.000e+00	5.444e-02	5.060e-01	-3.596e-08	2.995e+00	3.013e+00	t
NA92-42Dd	0	400	30	1.00	-1.00	-	65.6	6.000e+00	9.197e-01	2.000e+00	4.032e-02	4.913e-01	-5.912e-02	1.940e+00	1.323e+00	t
NA92-42Dd	0	430	30	1.00	-1.00	-	64.2	7.000e+00	9.458e-01	2.000e+00	3.812e-02	4.777e-01	3.742e-02	1.763e+00	1.598e+00	t
NA92-42Dd	100	350	30	1.00	-1.00	-	70.9	4.000e+00	8.335e-01	1.000e+00	2.972e-02	5.421e-01	-1.221e-01	2.476e+00	1.623e+00	t
NA92-42Dd	100	400	30	1.00	-1.00	-	68.1	5.000e+00	8.885e-01	2.000e+00	4.199e-02	5.085e-01	6.638e-02	2.166e+00	1.612e+00	t
NA92-42Dd	100	430	30	1.00	-1.00	-	66.1	6.000e+00	9.147e-01	2.000e+00	4.516e-02	4.940e-01	1.587e-01	1.993e+00	1.979e+00	t
NA92-42De	0	350	30	1.00	-1.00	-	59.0	5.000e+00	8.786e-01	1.000e+00	6.634e-02	4.835e-01	1.165e-07	2.424e+00	2.718e+00	t
NA92-42De	0	400	30	1.00	-1.00	-	57.5	6.000e+00	9.190e-01	2.000e+00	5.247e-02	4.622e-01	7.889e-02	2.237e+00	2.393e+00	t
NA92-42De	100	350	30	1.00	-1.00	-	59.0	4.000e+00	8.391e-01	1.000e+00	9.608e-02	5.062e-01	2.386e-07	1.871e+00	2.891e+00	t
NA92-42De	100	400	30	1.00	-1.00	-	57.4	5.000e+00	8.795e-01	2.000e+00	7.243e-02	4.830e-01	-8.409e-08	1.820e+00	2.659e+00	t
NA92-42Df	100	460	30	1.00	-1.00	-	48.6	7.000e+00	9.206e-01	3.000e+00	4.443e-02	5.548e-01	-9.721e-02	3.920e+00	2.365e+00	t
NA92-57Ba	0	545	30	1.00	-1.00	-	83.4	1.200e+01	7.951e-01	5.000e+00	3.418e-02	1.664e-01	-5.284e-08	3.051e+00	4.066e+00	t
NA92-57Bb	0	545	30	1.00	-1.00	-	80.2	1.200e+01	7.832e-01	5.000e+00	3.825e-02	1.301e-01	1.126e-01	3.385e+00	2.357e+00	t
NA92-57Bb	0	560	30	1.00	-1.00	-	77.9	1.300e+01	8.731e-01	5.000e+00	3.412e-02	1.167e-01	1.494e-01	3.049e+00	2.116e+00	t
NA92-57Be	0	530	30	1.00	-1.00	-	81.7	1.100e+01	7.995e-01	4.000e+00	4.048e-02	2.176e-01	2.720e-02	2.997e+00	4.835e+00	t
NA92-57Be	100	530	30	1.00	-1.00	-	83.9	1.000e+01	7.827e-01	4.000e+00	4.634e-02	2.222e-01	1.144e-01	3.379e+00	5.000e+00	t
NA92-57Bf	0	560	30	1.00	-1.00	-	59.1	1.300e+01	8.666e-01	5.000e+00	2.449e-02	2.298e-01	1.576e-01	1.546e+00	1.463e+00	t
NA92-59a	0	460	30	1.00	-1.00	-	74.8	8.000e+00	7.803e-01	3.000e+00	3.244e-02	2.439e-01	-1.279e-01	2.959e+00	2.361e+00	t
NA92-59a	0	490	30	1.00	-1.00	-	72.4	9.000e+00	8.553e-01	3.000e+00	3.271e-02	2.225e-01	-1.245e-07	2.883e+00	1.779e+00	t
NA92-59a	0	510	30	1.00	-1.00	-	69.7	1.000e+01	8.834e-01	4.000e+00	3.758e-02	2.154e-01	-2.530e-08	2.735e+00	1.482e+00	t
NA92-59a	100	490	30	1.00	-1.00	-	73.2	8.000e+00	8.277e-01	3.000e+00	3.962e-02	2.299e-01	-1.018e-07	2.150e+00	1.524e+00	t
NA92-59f	0	460	30	1.00	-1.00	-	73.5	8.000e+00	8.298e-01	3.000e+00	3.280e-02	2.331e-01	-1.421e-01	2.379e+00	1.144e+00	t
NA92-59f	0	490	30	1.00	-1.00	-	72.4	9.000e+00	8.753e-01	3.000e+00	2.919e-02	2.209e-01	-4.780e-02	2.131e+00	1.103e+00	t
NA92-59f	0	510	30	1.00	-1.00	-	69.5	1.000e+01	9.000e-01	4.000e+00	3.813e-02	2.149e-01	-1.828e-08	1.993e+00	9.505e-01	t
NA92-59f	100	460	30	1.00	-1.00	-	74.8	7.000e+00	7.893e-01	3.000e+00	3.944e-02	2.450e-01	-1.327e-01	1.282e+00	5.714e-01	t
NA92-59f	100	490	30	1.00	-1.00	-	73.2	8.000e+00	8.348e-01	3.000e+00	3.551e-02	2.317e-01	-2.719e-02	1.141e+00	6.553e-01	t
NA92-59f	100	510	30	1.00	-1.00	-	69.8	9.000e+00	8.595e-01	4.000e+00	4.717e-02	2.250e-01	1.312e-01	1.083e+00	5.318e-01	t
NA93-100Ab	0	460	30	1.00	-1.00	-	41.4	8.000e+00	8.039e-01	3.000e+00	2.437e-02	3.646e-01	-9.916e-02	3.217e+00	4.196e+00	t
NA93-100Ab	0	490	30	1.00	-1.00	-	41.5	9.000e+00	8.591e-01	3.000e+00	2.131e-02	3.412e-01	-9.187e-02	3.362e+00	5.432e+00	t
NA93-100Ab	0	510	30	1.00	-1.00	-	41.2	1.000e+01	9.094e-01	4.000e+00	2.015e-02	3.223e-01	3.586e-08	3.659e+00	5.108e+00	t
NA93-100Ab	0	530	30	1.00	-1.00	-	41.2	1.100e+01	9.611e-01	4.000e+00	1.841e-02	3.050e-01	2.400e-08	3.915e+00	5.333e+00	t
NA93-100Ab	100	490	30	1.00	-1.00	-	42.8	8.000e+00	8.174e-01	3.000e+00	1.991e-02	3.586e-01	5.898e-08	3.579e+00	6.303e+00	t
NA93-100Ab	100	510	30	1.00	-1.00	-	42.4	9.000e+00	8.678e-01	4.000e+00	2.065e-02	3.378e-01	9.247e-08	3.974e+00	6.013e+00	t
NA93-100Ac	0	430	30	1.00	-1.00	-	43.8	7.000e+00	7.986e-01	2.000e+00	4.580e-02	4.077e-01	-4.454e-02	3.341e+00	7.750e+00	t
NA93-100Ac	0	460	30	1.00	-1.00	-	42.7	8.000e+00	8.538e-01	3.000e+00	4.386e-02	3.814e-01	6.360e-02	3.251e+00	8.667e+00	t
NA93-100Ac	0	490	30	1.00	-1.00	-	41.9	9.000e+00	8.835e-01	3.000e+00	4.240e-02	3.685e-01	1.228e-01	3.639e+00	9.267e+00	t
NA94-19a	0	490	30	1.00	-1.00	-	57.2	9.000e+00	9.818e-01	3.000e+00	2.651e-02	2.477e-01	1.484e-01	3.930e+00	3.252e+00	t
NA94-19a	0	510	30	1.00	-1.00	-	57.2	1.000e+01	9.902e-01	4.000e+00	2.192e-02	2.456e-01	1.306e-01	3.711e+00	2.580e+00	t
NA94-19a	100	510	30	1.00	-1.00	-	56.9	9.000e+00	9.465e-01	4.000e+00	2.525e-02	2.569e-01	1.463e-01	3.177e+00	2.364e+00	t
NA94-19a	200	490	30	1.00	-1.00	-	55.5	7.000e+00	8.655e-01	3.000e+00	2.993e-02	2.810e-01	1.310e-01	3.207e+00	2.843e+00	t
NA94-19a	200	510	30	1.00	-1.00	-	55.7	8.000e+00	8.739e-01	4.000e+00	2.438e-02	2.783e-01	1.090e-01	3.051e+00	2.274e+00	t
NA94-19a	300	510	30	1.00	-1.00	-	55.1	7.000e+00	7.848e-01	4.000e+00	3.000e-02	3.098e-01	1.191e-01	2.872e+00	2.089e+00	t
NA94-19b	0	460	30	1.00	-1.00	-	59.5	8.000e+00	9.061e-01	3.000e+00	1.952e-02	3.180e-01	9.053e-02	2.506e+00	2.871e+00	t
NA94-19b	0	490	30	1.00	-1.00	-	59.1	9.000e+00	9.807e-01	3.000e+00	1.490e-02	2.938e-01	8.036e-02	2.361e+00	1.984e+00	t
NA94-19b	0	510	30	1.00	-1.00	-	59.3	1.000e+01	9.922e-01	4.000e+00	1.257e-02	2.904e-01	6.332e-02	2.227e+00	1.551e+00	t
NA94-19b	100	460	30	1.00	-1.00	-	59.3	7.000e+00	8.665e-01	3.000e+00	2.306e-02	3.326e-01	1.041e-01	2.526e+00	2.798e+00	t
NA94-19b	100	490	30	1.00	-1.00	-	58.9	8.000e+00	9.410e-01	3.000e+00	1.716e-02	3.062e-01	8.941e-02	2.347e+00	1.934e+00	t
NA94-19b	100	510	30	1.00	-1.00	-	59.2	9.000e+00	9.526e-01	4.000e+00	1.443e-02	3.025e-01	6.985e-02	2.208e+00	1.518e+00	t
NA94-19b	200	460	30	1.00	-1.00	-	58.4	6.000e+00	7.989e-01	3.000e+00	2.321e-02	3.607e-01	8.198e-02	2.161e+00	2.487e+00	t
NA94-19b	200	490	30	1.00	-1.00	-	58.1	7.000e+00	8.735e-01	3.000e+00	1.659e-02	3.299e-01	6.706e-02	2.009e+00	1.731e+00	t
NA94-19b	200	510	30	1.00	-1.00	-	58.5	8.000e+00	8.850e-01	4.000e+00	1.440e-02	3.256e-01	4.592e-02	1.902e+00	1.367e+00	t
NA94-19b	300	490	30	1.00	-1.00	-	57.4	6.000e+00	7.976e-01	3.000e+00	1.684e-02	3.613e-01	-2.643e-08	2.148e+00	1.754e+00	t
NA94-19b	300	510	30	1.00	-1.00	-	57.9	7.000e+00	8.092e-01	4.000e+00	1.554e-02	3.561e-01	-7.389e-08	2.020e+00	1.396e+00	t
NA94-19c	0	430	30	1.00	-1.00	-	67.8	7.000e+00	8.738e-01	2.000e+00	1.772e-02	3.187e-01	4.947e-02	2.317e+00	4.750e+00	t
NA94-19c	0	460	30	1.00	-1.00	-	66.7	8.000e+00	9.506e-01	3.000e+00	1.791e-02	2.929e-01	8.762e-02	2.592e+00	3.942e+00	t
NA94-19c	0	490	30	1.00	-1.00	-	66.6	9.000e+00	9.785e-01	3.000e+00	1.505e-02	2.845e-01	7.429e-02	2.740e+00	3.343e+00	t
NA94-19c	0	510	30	1.00	-1.00	-	66.7	1.000e+01	9.862e-01	4.000e+00	1.319e-02	2.823e-01	6.492e-02	2.811e+00	2.893e+00	t
NA94-19c	100	430	30	1.00	-1.00	-	68.7	6.000e+00	8.458e-01	2.000e+00	1.854e-02	3.292e-01	9.935e-02	2.275e+00	5.078e+00	t
NA94-19c	100	460	30	1.00	-1.00	-	67.3	7.000e+00	9.226e-01	3.000e+00	2.089e-02	3.018e-01	1.285e-01	2.631e+00	4.258e+00	t
NA94-19c	100	490	30	1.00	-1.00	-	67.1	8.000e+00	9.506e-01	3.000e+00	1.742e-02	2.929e-01	1.094e-01	2.822e+00	3.649e+00	t
NA94-19c	100	510	30	1.00	-1.00	-	67.2	9.000e+00	9.582e-01	4.000e+00	1.514e-02	2.906e-01	9.755e-02	2.927e+00	3.170e+00	t
NA94-19c	200	430	30	1.00	-1.00	-	68.5	5.000e+00	7.804e-01	2.000e+00	2.656e-02	3.568e-01	1.364e-01	2.771e+00	6.186e+00	t
NA94-19c	200	460	30	1.00	-1.00	-	66.9	6.000e+00	8.571e-01	3.000e+00	2.839e-02	3.249e-01	1.578e-01	3.232e+00	5.167e+00	t
NA94-19c	200	490	30	1.00	-1.00	-	66.7	7.000e+00	8.851e-01	3.000e+00	2.316e-02	3.146e-01	1.319e-01	3.455e+00	4.439e+00	t
NA94-19c	200	510	30	1.00	-1.00	-	66.8	8.000e+00	8.927e-01	4.000e+00	1.991e-02	3.119e-01	1.170e-01	3.583e+00	3.857e+00	t
NA94-19d	0	400	30	1.00	-1.00	-	54.3	6.000e+00	8.262e-01	2.000e+00	1.127e-02	3.828e-01	6.984e-02	1.956e+00	4.835e+00	t
NA94-19d	0	430	30	1.00	-1.00	-	53.7	7.000e+00	9.086e-01	2.000e+00	1.100e-02	3.481e-01	7.991e-02	2.193e+00	4.123e+00	t
NA94-19d	0	460	30	1.00	-1.00	-	53.5	8.000e+00	9.612e-01	3.000e+00	9.481e-03	3.290e-01	7.374e-02	2.357e+00	3.552e+00	t
NA94-19d	0	490	30	1.00	-1.00	-	53.7	9.000e+00	9.820e-01	3.000e+00	8.747e-03	3.220e-01	5.051e-02	2.510e+00	3.019e+00	t
NA94-19d	0	510	30	1.00	-1.00	-	53.9	1.000e+01	9.892e-01	4.000e+00	8.684e-03	3.197e-01	3.405e-02	2.528e+00	2.722e+00	t
NA94-19d	100	400	30	1.00	-1.00	-	54.3	5.000e+00	7.993e-01	2.000e+00	1.455e-02	3.957e-01	8.008e-02	1.189e+00	5.310e+00	t
NA94-19d	100	430	30	1.00	-1.00	-	53.7	6.000e+00	8.817e-01	2.000e+00	1.381e-02	3.587e-01	8.802e-02	1.911e+00	4.573e+00	t
NA94-19d	100	460	30	1.00	-1.00	-	53.4	7.000e+00	9.343e-01	3.000e+00	1.169e-02	3.385e-01	7.997e-02	2.258e+00	3.972e+00	t
NA94-19d	100	490	30	1.00	-1.00	-	53.7	8.000e+00	9.551e-01	3.000e+00	1.072e-02	3.311e-01	5.490e-02	2.510e+00	3.399e+00	t
NA94-19d	100	510	30	1.00	-1.00	-	53.9	9.000e+00	9.623e-01	4.000e+00	1.060e-02	3.286e-01	3.734e-02	2.571e+00	3.086e+00	t
NA94-19d	200	430	30	1.00	-1.00	-	53.0	5.000e+00	8.296e-01	2.000e+00	1.508e-02	3.812e-01	7.635e-02	2.156e+00	5.291e+00	t
NA94-19d	200	460	30	1.00	-1.00	-	52.8	6.000e+00	8.823e-01	3.000e+00	1.234e-02	3.585e-01	6.825e-02	2.589e+00	4.623e+00	t
NA94-19d	200	490	30	1.00	-1.00	-	53.1	7.000e+00	9.030e-01	3.000e+00	1.221e-02	3.502e-01	4.136e-02	2.897e+00	3.962e+00	t
NA94-19d	200	510	30	1.00	-1.00	-	53.4	8.000e+00	9.102e-01	4.000e+00	1.281e-02	3.474e-01	2.256e-02	2.972e+00	3.616e+00	t
NA94-19e	0	460	30	1.00	-1.00	-	50.5	8.000e+00	8.998e-01	3.000e+00	1.439e-02	2.596e-01	8.454e-02	3.133e+00	4.676e+00	t
NA94-19e	0	490	30	1.00	-1.00	-	50.7	9.000e+00	9.734e-01	3.000e+00	1.194e-02	2.399e-01	4.170e-02	3.181e+00	3.729e+00	t
NA94-19e	0	510	30	1.00	-1.00	-	51.2	1.000e+01	9.876e-01	4.000e+00	1.185e-02	2.365e-01	1.478e-02	3.199e+00	3.070e+00	t
NA94-19e	100	460	30	1.00	-1.00	-	50.5	7.000e+00	8.593e-01	3.000e+00	1.730e-02	2.718e-01	9.820e-02	3.066e+00	4.843e+00	t
NA94-19e	100	490	30	1.00	-1.00	-	50.8	8.000e+00	9.330e-01	3.000e+00	1.414e-02	2.503e-01	5.010e-02	3.164e+00	3.887e+00	t
NA94-19e	100	510	30	1.00	-1.00	-	51.2	9.000e+00	9.471e-01	4.000e+00	1.389e-02	2.466e-01	2.099e-02	3.214e+00	3.215e+00	t
NA94-19e	200	460	30	1.00	-1.00	-	50.0	6.000e+00	8.175e-01	3.000e+00	2.024e-02	2.857e-01	9.500e-02	2.941e+00	5.245e+00	t
NA94-19e	200	490	30	1.00	-1.00	-	50.4	7.000e+00	8.912e-01	3.000e+00	1.671e-02	2.621e-01	4.170e-02	3.158e+00	4.219e+00	t
NA94-19e	200	510	30	1.00	-1.00	-	51.0	8.000e+00	9.053e-01	4.000e+00	1.680e-02	2.580e-01	1.036e-02	3.271e+00	3.492e+00	t
NA94-19e	300	510	30	1.00	-1.00	-	51.0	7.000e+00	7.911e-01	4.000e+00	2.338e-02	2.952e-01	1.855e-02	3.296e+00	3.831e+00	t
NA94-19f	300	510	30	1.00	-1.00	-	38.3	7.000e+00	7.951e-01	4.000e+00	3.731e-02	3.631e-01	1.446e-01	2.240e+00	1.682e+00	t
NA94-2a	0	460	30	1.00	-1.00	-	55.1	8.000e+00	9.688e-01	3.000e+00	1.442e-02	5.764e-01	4.558e-02	1.627e+00	6.096e-01	t
NA94-2a	0	490	30	1.00	-1.00	-	54.1	9.000e+00	9.794e-01	3.000e+00	2.368e-02	5.702e-01	1.616e-01	1.561e+00	5.614e-01	t
NA94-2a	0	510	30	1.00	-1.00	-	54.3	1.000e+01	9.873e-01	4.000e+00	2.171e-02	5.656e-01	1.417e-01	1.560e+00	3.712e-01	t
NA94-2a	100	460	30	1.00	-1.00	-	55.6	7.000e+00	9.476e-01	3.000e+00	1.780e-02	5.893e-01	-4.686e-08	1.863e+00	8.072e-01	t
NA94-2b	0	430	30	1.00	-1.00	-	58.1	7.000e+00	9.319e-01	2.000e+00	6.383e-02	5.367e-01	1.409e-01	3.223e+00	8.587e-01	t
NA94-2b	0	460	30	1.00	-1.00	-	58.4	8.000e+00	9.477e-01	3.000e+00	5.485e-02	5.278e-01	9.181e-02	3.027e+00	8.029e-01	t
NA94-2b	0	490	30	1.00	-1.00	-	57.9	9.000e+00	9.615e-01	3.000e+00	4.918e-02	5.202e-01	1.456e-01	2.889e+00	9.347e-01	t
NA94-2b	100	460	30	1.00	-1.00	-	59.3	7.000e+00	8.993e-01	3.000e+00	7.156e-02	5.562e-01	-5.489e-08	3.290e+00	9.526e-01	t
NA94-2b	100	490	30	1.00	-1.00	-	58.7	8.000e+00	9.131e-01	3.000e+00	6.379e-02	5.478e-01	-8.887e-08	3.169e+00	1.080e+00	t
NA94-2c	0	430	30	1.00	-1.00	-	60.0	7.000e+00	9.353e-01	2.000e+00	4.612e-02	5.746e-01	1.612e-01	1.605e+00	8.859e-01	t
NA94-2c	0	460	30	1.00	-1.00	-	59.9	8.000e+00	9.536e-01	3.000e+00	3.930e-02	5.635e-01	1.385e-01	1.537e+00	8.021e-01	t
NA94-2c	0	510	30	1.00	-1.00	-	59.4	1.000e+01	9.883e-01	4.000e+00	3.261e-02	5.437e-01	1.619e-01	1.536e+00	7.912e-01	t
NA94-2c	100	460	30	1.00	-1.00	-	60.5	7.000e+00	9.462e-01	3.000e+00	5.101e-02	5.680e-01	-6.899e-08	1.641e+00	9.532e-01	t
NA94-2c	100	490	30	1.00	-1.00	-	59.8	8.000e+00	9.641e-01	3.000e+00	4.660e-02	5.574e-01	-1.853e-08	1.708e+00	5.870e-01	t
NA94-2c	100	510	30	1.00	-1.00	-	59.8	9.000e+00	9.809e-01	4.000e+00	4.189e-02	5.479e-01	-7.237e-08	1.695e+00	9.367e-01	t
NA94-2d	0	350	30	1.00	-1.00	-	54.2	5.000e+00	8.026e-01	1.000e+00	8.083e-02	5.497e-01	8.793e-06	1.491e+00	2.218e+00	t
NA94-2d	0	400	30	1.00	-1.00	-	54.5	6.000e+00	9.249e-01	2.000e+00	5.632e-02	4.770e-01	-2.862e-02	1.479e+00	1.658e+00	t
NA94-2d	0	430	30	1.00	-1.00	-	54.9	7.000e+00	9.629e-01	2.000e+00	4.471e-02	4.582e-01	-4.619e-02	1.504e+00	1.221e+00	t
NA94-2d	0	460	30	1.00	-1.00	-	54.9	8.000e+00	9.667e-01	3.000e+00	3.769e-02	4.564e-01	-3.969e-02	1.437e+00	1.099e+00	t
NA94-2d	0	490	30	1.00	-1.00	-	54.9	9.000e+00	9.791e-01	3.000e+00	3.299e-02	4.506e-01	-3.436e-02	1.422e+00	9.281e-01	t
NA94-2d	0	510	30	1.00	-1.00	-	54.7	1.000e+01	9.898e-01	4.000e+00	2.976e-02	4.457e-01	-2.508e-02	1.407e+00	9.804e-01	t
NA94-2d	100	400	30	1.00	-1.00	-	54.1	5.000e+00	9.033e-01	2.000e+00	7.437e-02	4.884e-01	-6.023e-02	9.784e-01	1.634e+00	t
NA94-2d	100	430	30	1.00	-1.00	-	54.5	6.000e+00	9.413e-01	2.000e+00	5.779e-02	4.687e-01	-7.256e-02	1.146e+00	1.203e+00	t
NA94-2d	100	460	30	1.00	-1.00	-	54.5	7.000e+00	9.451e-01	3.000e+00	4.809e-02	4.668e-01	-6.315e-02	1.118e+00	1.112e+00	t
NA94-2d	100	490	30	1.00	-1.00	-	54.5	8.000e+00	9.575e-01	3.000e+00	4.176e-02	4.607e-01	-5.608e-02	1.147e+00	9.338e-01	t
NA94-2d	100	510	30	1.00	-1.00	-	54.4	9.000e+00	9.682e-01	4.000e+00	3.747e-02	4.557e-01	-4.547e-02	1.176e+00	1.026e+00	t
NA94-2d	200	490	30	1.00	-1.00	-	52.0	7.000e+00	7.947e-01	3.000e+00	5.479e-02	5.551e-01	2.967e-08	1.273e+00	1.068e+00	t
NA94-2e	0	460	30	1.00	-1.00	-	51.8	8.000e+00	9.577e-01	3.000e+00	1.632e-02	5.809e-01	5.853e-02	1.364e+00	7.133e-01	t
NA94-2e	0	490	30	1.00	-1.00	-	51.4	9.000e+00	9.638e-01	3.000e+00	1.715e-02	5.773e-01	9.671e-02	1.304e+00	7.699e-01	t
NA94-2e	0	510	30	1.00	-1.00	-	51.6	1.000e+01	9.822e-01	4.000e+00	1.632e-02	5.665e-01	7.717e-02	1.449e+00	5.463e-01	t
NA94-2e	100	460	30	1.00	-1.00	-	52.1	7.000e+00	9.501e-01	3.000e+00	2.108e-02	5.856e-01	9.277e-02	1.541e+00	9.942e-01	t
NA94-2e	100	490	30	1.00	-1.00	-	51.6	8.000e+00	9.561e-01	3.000e+00	2.220e-02	5.819e-01	1.324e-01	1.484e+00	1.072e+00	t
NA94-2e	100	510	30	1.00	-1.00	-	51.8	9.000e+00	9.746e-01	4.000e+00	2.101e-02	5.709e-01	1.095e-01	1.695e+00	7.391e-01	t
NA94-2f	0	460	30	1.00	-1.00	-	63.0	8.000e+00	9.733e-01	3.000e+00	3.564e-02	5.786e-01	-1.369e-01	1.808e+00	8.253e-01	t
NA94-2f	0	490	30	1.00	-1.00	-	62.4	9.000e+00	9.801e-01	3.000e+00	3.305e-02	5.746e-01	-5.479e-02	1.728e+00	7.996e-01	t
NA94-2f	0	510	30	1.00	-1.00	-	62.6	1.000e+01	9.945e-01	4.000e+00	3.001e-02	5.663e-01	-6.411e-02	1.664e+00	8.863e-01	t
NA94-2f	100	460	30	1.00	-1.00	-	65.5	7.000e+00	9.490e-01	3.000e+00	3.525e-02	5.934e-01	-1.251e-07	2.130e+00	1.022e+00	t
NA94-2f	100	490	30	1.00	-1.00	-	64.7	8.000e+00	9.558e-01	3.000e+00	3.458e-02	5.892e-01	-3.820e-08	2.049e+00	1.001e+00	t
NA94-2f	100	510	30	1.00	-1.00	-	64.8	9.000e+00	9.703e-01	4.000e+00	3.119e-02	5.804e-01	-9.097e-08	1.983e+00	1.124e+00	t
NA94-3a	0	300	30	1.00	-1.00	-	70.1	4.000e+00	8.574e-01	1.000e+00	2.065e-02	5.617e-01	-8.490e-02	1.074e+00	5.193e-01	t
NA94-3a	0	350	30	1.00	-1.00	-	70.4	5.000e+00	9.583e-01	1.000e+00	1.354e-02	5.025e-01	-7.336e-02	8.597e-01	4.029e-01	t
NA94-3a	0	400	30	1.00	-1.00	-	70.9	6.000e+00	9.765e-01	2.000e+00	1.201e-02	4.932e-01	-7.971e-02	7.755e-01	3.113e-01	t
NA94-3a	0	430	30	1.00	-1.00	-	70.9	7.000e+00	9.846e-01	2.000e+00	9.962e-03	4.891e-01	-7.247e-02	7.208e-01	3.657e-01	t
NA94-3a	100	300	30	1.00	-1.00	-	70.4	3.000e+00	8.355e-01	1.000e+00	3.270e-02	5.764e-01	0.000e+00	7.092e-01	4.874e-01	t
NA94-3a	100	350	30	1.00	-1.00	-	70.8	4.000e+00	9.364e-01	1.000e+00	1.877e-02	5.143e-01	-7.473e-02	6.262e-01	3.462e-01	t
NA94-3a	100	400	30	1.00	-1.00	-	71.3	5.000e+00	9.546e-01	2.000e+00	1.595e-02	5.045e-01	-8.133e-02	5.779e-01	2.751e-01	t
NA94-3a	100	430	30	1.00	-1.00	-	71.2	6.000e+00	9.627e-01	2.000e+00	1.299e-02	5.002e-01	-7.345e-02	5.458e-01	3.832e-01	t
NA94-3b	0	350	30	1.00	-1.00	-	73.6	5.000e+00	9.643e-01	1.000e+00	3.167e-02	4.914e-01	1.624e-01	5.079e-01	5.935e-01	t
NA94-3b	0	400	30	1.00	-1.00	-	73.7	6.000e+00	9.832e-01	2.000e+00	2.429e-02	4.820e-01	1.383e-01	5.117e-01	4.608e-01	t
NA94-3b	0	430	30	1.00	-1.00	-	73.7	7.000e+00	9.890e-01	2.000e+00	2.013e-02	4.791e-01	1.295e-01	5.336e-01	3.235e-01	t
NA94-3b	0	460	30	1.00	-1.00	-	73.6	8.000e+00	9.923e-01	3.000e+00	1.752e-02	4.775e-01	1.270e-01	5.134e-01	3.092e-01	t
NA94-3b	100	300	30	1.00	-1.00	-	72.7	3.000e+00	8.414e-01	1.000e+00	7.787e-02	5.632e-01	0.000e+00	4.116e-01	6.228e-01	t
NA94-3b	100	350	30	1.00	-1.00	-	72.7	4.000e+00	9.427e-01	1.000e+00	4.334e-02	5.026e-01	1.628e-01	3.466e-01	6.572e-01	t
NA94-3b	100	400	30	1.00	-1.00	-	72.9	5.000e+00	9.616e-01	2.000e+00	3.199e-02	4.928e-01	1.366e-01	4.113e-01	5.196e-01	t
NA94-3b	100	430	30	1.00	-1.00	-	73.0	6.000e+00	9.675e-01	2.000e+00	2.599e-02	4.898e-01	1.270e-01	4.746e-01	3.539e-01	t
NA94-3b	100	460	30	1.00	-1.00	-	72.9	7.000e+00	9.707e-01	3.000e+00	2.233e-02	4.881e-01	1.244e-01	4.614e-01	3.505e-01	t
NA94-3d	0	300	30	1.00	-1.00	-	73.4	4.000e+00	8.524e-01	1.000e+00	3.247e-02	5.481e-01	1.330e-01	1.299e+00	4.788e-01	t
NA94-3d	0	350	30	1.00	-1.00	-	73.5	5.000e+00	9.539e-01	1.000e+00	2.045e-02	4.898e-01	9.455e-02	1.018e+00	3.752e-01	t
NA94-3d	0	400	30	1.00	-1.00	-	73.6	6.000e+00	9.771e-01	2.000e+00	1.568e-02	4.782e-01	7.757e-02	9.423e-01	1.552e-01	t
NA94-3d	0	430	30	1.00	-1.00	-	73.8	7.000e+00	9.839e-01	2.000e+00	1.327e-02	4.749e-01	6.619e-02	8.786e-01	9.476e-02	t
NA94-3d	0	460	30	1.00	-1.00	-	73.7	8.000e+00	9.884e-01	3.000e+00	1.175e-02	4.727e-01	6.860e-02	8.389e-01	8.278e-02	t
NA94-3d	100	300	30	1.00	-1.00	-	73.0	3.000e+00	8.250e-01	1.000e+00	5.243e-02	5.663e-01	0.000e+00	2.957e-01	2.217e-01	t
NA94-3d	100	350	30	1.00	-1.00	-	73.2	4.000e+00	9.265e-01	1.000e+00	2.928e-02	5.043e-01	1.019e-01	2.379e-01	2.848e-01	t
NA94-3d	100	400	30	1.00	-1.00	-	73.4	5.000e+00	9.497e-01	2.000e+00	2.155e-02	4.920e-01	8.303e-02	3.442e-01	1.680e-01	t
NA94-3d	100	430	30	1.00	-1.00	-	73.6	6.000e+00	9.565e-01	2.000e+00	1.793e-02	4.885e-01	7.054e-02	3.432e-01	1.144e-01	t
NA94-3d	100	460	30	1.00	-1.00	-	73.4	7.000e+00	9.610e-01	3.000e+00	1.567e-02	4.862e-01	7.297e-02	3.352e-01	1.896e-01	t
NA94-3e	0	350	30	1.00	-1.00	-	72.5	5.000e+00	9.628e-01	1.000e+00	3.323e-02	4.810e-01	1.500e-01	1.394e+00	6.184e-01	t
NA94-3e	0	400	30	1.00	-1.00	-	72.6	6.000e+00	9.820e-01	2.000e+00	2.546e-02	4.716e-01	1.277e-01	1.281e+00	3.771e-01	t
NA94-3e	0	430	30	1.00	-1.00	-	72.5	7.000e+00	9.865e-01	2.000e+00	2.127e-02	4.694e-01	1.254e-01	1.190e+00	3.872e-01	t
NA94-3e	0	460	30	1.00	-1.00	-	72.3	8.000e+00	9.905e-01	3.000e+00	1.864e-02	4.675e-01	1.255e-01	1.143e+00	3.341e-01	t
NA94-3e	100	300	30	1.00	-1.00	-	71.7	3.000e+00	8.332e-01	1.000e+00	8.541e-02	5.558e-01	0.000e+00	4.023e-01	6.186e-01	t
NA94-3e	100	400	30	1.00	-1.00	-	72.3	5.000e+00	9.507e-01	2.000e+00	3.541e-02	4.872e-01	1.439e-01	4.998e-01	1.821e-01	t
NA94-3e	100	430	30	1.00	-1.00	-	72.1	6.000e+00	9.552e-01	2.000e+00	2.895e-02	4.848e-01	1.407e-01	4.698e-01	2.382e-01	t
NA94-3e	100	460	30	1.00	-1.00	-	72.0	7.000e+00	9.592e-01	3.000e+00	2.506e-02	4.828e-01	1.404e-01	4.722e-01	2.028e-01	t
NA94-3f	0	300	30	1.00	-1.00	-	70.3	4.000e+00	8.546e-01	1.000e+00	2.064e-02	5.214e-01	-8.554e-02	4.495e-01	5.490e-01	t
NA94-3f	0	350	30	1.00	-1.00	-	70.8	5.000e+00	9.360e-01	1.000e+00	1.417e-02	4.761e-01	-7.950e-02	5.447e-01	1.752e-01	t
NA94-3f	0	400	30	1.00	-1.00	-	71.0	6.000e+00	9.589e-01	2.000e+00	1.114e-02	4.647e-01	-7.578e-02	4.947e-01	2.791e-01	t
NA94-3f	0	430	30	1.00	-1.00	-	71.0	7.000e+00	9.732e-01	3.000e+00	9.267e-03	4.579e-01	-7.134e-02	4.986e-01	1.884e-01	t
NA94-3f	0	490	30	1.00	-1.00	-	70.7	8.000e+00	9.822e-01	3.000e+00	9.560e-03	4.537e-01	-5.324e-02	5.050e-01	2.788e-01	t
NA94-3f	100	300	30	1.00	-1.00	-	70.8	3.000e+00	8.283e-01	1.000e+00	3.223e-02	5.380e-01	0.000e+00	2.212e-01	5.172e-01	t
NA94-3f	100	350	30	1.00	-1.00	-	71.3	4.000e+00	9.097e-01	1.000e+00	1.934e-02	4.899e-01	-7.890e-02	4.719e-01	1.322e-01	t
NA94-3f	100	400	30	1.00	-1.00	-	71.5	5.000e+00	9.326e-01	2.000e+00	1.448e-02	4.779e-01	-7.477e-02	4.476e-01	3.109e-01	t
NA94-3f	100	430	30	1.00	-1.00	-	71.5	6.000e+00	9.469e-01	3.000e+00	1.177e-02	4.706e-01	-6.993e-02	4.722e-01	2.427e-01	t
NA94-3f	100	490	30	1.00	-1.00	-	71.1	7.000e+00	9.559e-01	3.000e+00	1.252e-02	4.662e-01	-5.037e-02	5.135e-01	3.228e-01	t
NA94-3g	0	350	30	1.00	-1.00	-	73.9	5.000e+00	9.616e-01	1.000e+00	3.048e-02	4.413e-01	1.341e-01	1.912e+00	3.597e-01	t
NA94-3g	0	400	30	1.00	-1.00	-	73.8	6.000e+00	9.776e-01	2.000e+00	2.349e-02	4.341e-01	1.224e-01	1.711e+00	2.338e-01	t
NA94-3g	0	430	30	1.00	-1.00	-	73.5	7.000e+00	9.798e-01	2.000e+00	2.038e-02	4.331e-01	1.273e-01	1.599e+00	1.706e-01	t
NA94-3g	0	460	30	1.00	-1.00	-	73.2	8.000e+00	9.822e-01	3.000e+00	1.828e-02	4.320e-01	1.307e-01	1.534e+00	1.404e-01	t
NA94-3g	0	490	30	1.00	-1.00	-	72.5	9.000e+00	9.858e-01	3.000e+00	2.092e-02	4.305e-01	1.588e-01	1.483e+00	1.716e-01	t
NA94-3g	0	510	30	1.00	-1.00	-	72.3	1.000e+01	9.913e-01	4.000e+00	1.940e-02	4.281e-01	1.613e-01	1.446e+00	1.285e-01	t
NA94-3g	100	300	30	1.00	-1.00	-	73.9	3.000e+00	8.375e-01	1.000e+00	7.937e-02	5.067e-01	0.000e+00	1.022e+00	3.150e-01	t
NA94-3g	100	350	30	1.00	-1.00	-	74.0	4.000e+00	9.192e-01	1.000e+00	4.537e-02	4.617e-01	1.632e-01	8.304e-01	3.012e-01	t
NA94-3g	100	400	30	1.00	-1.00	-	73.9	5.000e+00	9.352e-01	2.000e+00	3.348e-02	4.538e-01	1.492e-01	7.611e-01	2.732e-01	t
NA94-3g	100	430	30	1.00	-1.00	-	73.4	6.000e+00	9.374e-01	2.000e+00	2.845e-02	4.527e-01	1.535e-01	7.299e-01	2.254e-01	t
NA94-3g	100	460	30	1.00	-1.00	-	73.1	7.000e+00	9.398e-01	3.000e+00	2.522e-02	4.515e-01	1.566e-01	7.291e-01	2.059e-01	t
NA94-5b	0	430	30	1.00	-1.00	-	48.5	7.000e+00	8.138e-01	2.000e+00	4.896e-02	3.731e-01	1.589e-01	4.878e+00	4.883e+00	t
NA94-5c	0	430	30	1.00	-1.00	-	46.6	7.000e+00	7.934e-01	2.000e+00	5.639e-02	3.396e-01	-2.512e-08	3.560e+00	1.393e+00	t
NA94-5f	0	400	30	1.00	-1.00	-	52.9	6.000e+00	8.063e-01	2.000e+00	6.847e-02	3.702e-01	-3.143e-07	3.508e+00	2.373e+00	t
NA94-5f	0	430	30	1.00	-1.00	-	51.3	7.000e+00	8.538e-01	2.000e+00	5.984e-02	3.496e-01	1.164e-01	3.167e+00	2.291e+00	t
NA94-5h	200	560	30	1.00	-1.00	-	56.0	1.100e+01	8.888e-01	5.000e+00	4.309e-02	2.143e-01	-2.929e-08	4.960e+00	1.223e+00	t
NA94-5h	200	580	30	1.00	-1.00	-	56.7	1.200e+01	8.966e-01	6.000e+00	3.877e-02	2.124e-01	-3.794e-08	4.548e+00	9.384e-01	t
NA94-5i	200	545	30	1.00	-1.00	-	43.8	1.000e+01	8.156e-01	5.000e+00	5.203e-02	1.489e-01	2.838e-02	3.382e+00	1.196e+00	t
NA94-5i	200	560	30	1.00	-1.00	-	44.5	1.100e+01	8.387e-01	5.000e+00	4.588e-02	1.448e-01	-1.845e-02	3.071e+00	1.049e+00	t
NA94-5i	200	580	30	1.00	-1.00	-	44.9	1.200e+01	8.438e-01	6.000e+00	4.147e-02	1.439e-01	-4.191e-02	2.863e+00	9.744e-01	t
NA97-10c	100	490	30	1.00	-1.00	-	38.7	8.000e+00	8.133e-01	3.000e+00	2.121e-02	3.219e-01	-1.273e-07	3.199e+00	5.294e+00	t
NA97-10e	0	430	30	1.00	-1.00	-	49.2	7.000e+00	8.069e-01	2.000e+00	2.541e-02	3.626e-01	-1.463e-01	2.403e+00	1.239e+00	t
NA97-10e	0	460	30	1.00	-1.00	-	49.5	8.000e+00	8.555e-01	3.000e+00	2.077e-02	3.420e-01	-1.257e-01	2.134e+00	1.130e+00	t
NA97-10e	0	490	30	1.00	-1.00	-	49.9	9.000e+00	8.908e-01	3.000e+00	1.944e-02	3.285e-01	-1.353e-01	1.942e+00	1.217e+00	t
NA97-10e	100	460	30	1.00	-1.00	-	50.3	7.000e+00	8.164e-01	3.000e+00	2.094e-02	3.584e-01	-1.012e-01	1.662e+00	1.248e+00	t
NA97-10e	100	490	30	1.00	-1.00	-	50.8	8.000e+00	8.517e-01	3.000e+00	1.974e-02	3.435e-01	-1.135e-01	1.526e+00	1.339e+00	t
NA97-10e	200	490	30	1.00	-1.00	-	51.5	7.000e+00	8.095e-01	3.000e+00	2.488e-02	3.615e-01	-1.089e-01	1.410e+00	1.109e+00	t
NA97-24a	0	545	30	1.00	-1.00	-	62.6	1.200e+01	8.294e-01	5.000e+00	3.250e-02	2.773e-01	-3.106e-08	4.321e+00	1.361e+00	t
NA97-24a	0	560	30	1.00	-1.00	-	61.3	1.300e+01	9.827e-01	5.000e+00	2.567e-02	2.340e-01	7.799e-02	3.499e+00	8.880e-01	t
NA97-24a	0	580	30	1.00	-1.00	-	60.8	1.400e+01	9.967e-01	6.000e+00	2.156e-02	2.307e-01	7.553e-02	3.060e+00	6.601e-01	t
NA97-24a	100	545	30	1.00	-1.00	-	63.2	1.100e+01	8.211e-01	5.000e+00	3.634e-02	2.801e-01	-2.144e-08	4.658e+00	1.500e+00	t
NA97-24a	100	560	30	1.00	-1.00	-	61.6	1.200e+01	9.744e-01	5.000e+00	2.855e-02	2.360e-01	1.028e-01	3.732e+00	9.523e-01	t
NA97-24a	100	580	30	1.00	-1.00	-	61.0	1.300e+01	9.884e-01	6.000e+00	2.384e-02	2.327e-01	9.828e-02	3.252e+00	7.028e-01	t
NA97-24a	200	560	30	1.00	-1.00	-	60.8	1.100e+01	9.526e-01	5.000e+00	3.088e-02	2.414e-01	9.019e-02	4.072e+00	9.924e-01	t
NA97-24a	200	580	30	1.00	-1.00	-	60.4	1.200e+01	9.666e-01	6.000e+00	2.534e-02	2.379e-01	8.615e-02	3.523e+00	7.226e-01	t
NA97-24a	300	560	30	1.00	-1.00	-	59.6	1.000e+01	8.925e-01	5.000e+00	3.270e-02	2.577e-01	5.684e-02	4.518e+00	1.208e+00	t
NA97-24a	300	580	30	1.00	-1.00	-	59.3	1.100e+01	9.065e-01	6.000e+00	2.620e-02	2.537e-01	5.454e-02	3.874e+00	8.629e-01	t
NA97-24a	350	560	30	1.00	-1.00	-	59.0	9.000e+00	8.069e-01	5.000e+00	3.928e-02	2.850e-01	5.271e-02	4.545e+00	3.891e-01	t
NA97-24a	350	580	30	1.00	-1.00	-	58.8	1.000e+01	8.209e-01	6.000e+00	3.068e-02	2.802e-01	-5.078e-08	3.803e+00	2.607e-01	t
NA97-24b	0	580	30	1.00	-1.00	-	62.2	1.400e+01	9.960e-01	6.000e+00	2.945e-02	1.433e-01	9.887e-02	2.524e+00	3.319e-01	t
NA97-24b	100	560	30	1.00	-1.00	-	63.6	1.200e+01	9.231e-01	5.000e+00	3.666e-02	1.546e-01	1.025e-01	2.552e+00	7.834e-01	t
NA97-24b	100	580	30	1.00	-1.00	-	62.4	1.300e+01	9.441e-01	6.000e+00	3.328e-02	1.512e-01	1.260e-01	2.321e+00	6.756e-01	t
NA97-24d	0	545	30	1.00	-1.00	-	58.6	1.200e+01	7.828e-01	5.000e+00	3.630e-02	4.057e-01	-5.771e-08	4.226e+00	7.634e-01	t
NA97-24d	0	560	30	1.00	-1.00	-	57.3	1.300e+01	9.863e-01	5.000e+00	2.579e-02	3.219e-01	9.701e-02	3.083e+00	4.687e-01	t
NA97-24d	0	580	30	1.00	-1.00	-	56.4	1.400e+01	9.946e-01	6.000e+00	2.171e-02	3.193e-01	1.051e-01	2.591e+00	4.960e-01	t
NA97-24d	100	560	30	1.00	-1.00	-	57.2	1.200e+01	9.690e-01	5.000e+00	2.850e-02	3.277e-01	1.100e-01	3.106e+00	6.162e-01	t
NA97-24d	100	580	30	1.00	-1.00	-	56.3	1.300e+01	9.773e-01	6.000e+00	2.375e-02	3.249e-01	1.177e-01	2.604e+00	5.982e-01	t
NA97-24d	200	560	30	1.00	-1.00	-	56.7	1.100e+01	9.501e-01	5.000e+00	3.115e-02	3.342e-01	1.107e-01	3.315e+00	6.268e-01	t
NA97-24d	200	580	30	1.00	-1.00	-	55.9	1.200e+01	9.585e-01	6.000e+00	2.552e-02	3.313e-01	1.188e-01	2.765e+00	6.099e-01	t
NA97-24d	300	560	30	1.00	-1.00	-	56.2	1.000e+01	9.050e-01	5.000e+00	3.461e-02	3.509e-01	1.147e-01	3.601e+00	6.498e-01	t
NA97-24d	300	580	30	1.00	-1.00	-	55.4	1.100e+01	9.133e-01	6.000e+00	2.773e-02	3.477e-01	1.234e-01	2.981e+00	6.309e-01	t
NA97-24d	350	560	30	1.00	-1.00	-	55.0	9.000e+00	8.274e-01	5.000e+00	3.489e-02	3.838e-01	5.396e-02	3.716e+00	1.086e+00	t
NA97-24d	350	580	30	1.00	-1.00	-	54.4	1.000e+01	8.357e-01	6.000e+00	2.723e-02	3.800e-01	6.862e-02	3.065e+00	9.283e-01	t
NA97-24e	200	545	30	1.00	-1.00	-	58.0	1.000e+01	7.945e-01	5.000e+00	3.356e-02	3.075e-01	-3.876e-08	4.146e+00	2.428e+00	t
NA97-24e	200	560	30	1.00	-1.00	-	57.2	1.100e+01	9.280e-01	5.000e+00	2.493e-02	2.632e-01	6.488e-02	3.426e+00	1.473e+00	t
NA97-24e	200	580	30	1.00	-1.00	-	57.0	1.200e+01	9.346e-01	6.000e+00	2.055e-02	2.614e-01	6.258e-02	3.035e+00	1.073e+00	t
NA97-24e	300	560	30	1.00	-1.00	-	56.7	1.000e+01	8.646e-01	5.000e+00	2.856e-02	2.825e-01	5.944e-02	3.210e+00	9.125e-01	t
NA97-24e	300	580	30	1.00	-1.00	-	56.5	1.100e+01	8.713e-01	6.000e+00	2.309e-02	2.804e-01	5.706e-02	2.782e+00	6.382e-01	t
NA97-24e	350	580	30	1.00	-1.00	-	56.0	1.000e+01	7.824e-01	6.000e+00	2.676e-02	3.122e-01	5.327e-02	3.125e+00	7.426e-01	t
NA97-24f	200	560	30	1.00	-1.00	-	56.3	1.100e+01	9.587e-01	5.000e+00	4.014e-02	3.946e-01	1.552e-01	3.922e+00	7.895e-01	t
NA97-24f	200	580	30	1.00	-1.00	-	56.1	1.200e+01	9.638e-01	6.000e+00	3.274e-02	3.925e-01	1.444e-01	3.391e+00	5.867e-01	t
NA97-24f	300	580	30	1.00	-1.00	-	55.5	1.100e+01	9.075e-01	6.000e+00	3.637e-02	4.169e-01	1.629e-01	3.374e+00	2.684e-01	t
NA97-24f	350	580	30	1.00	-1.00	-	54.5	1.000e+01	8.172e-01	6.000e+00	3.899e-02	4.629e-01	1.508e-01	3.716e+00	3.142e-01	t
NA97-24g	0	545	30	1.00	-1.00	-	58.7	1.200e+01	8.779e-01	5.000e+00	3.427e-02	3.784e-01	-3.645e-08	3.455e+00	1.797e+00	t
NA97-24g	0	560	30	1.00	-1.00	-	57.7	1.300e+01	9.923e-01	5.000e+00	2.588e-02	3.348e-01	1.482e-01	2.817e+00	1.105e+00	t
NA97-24g	0	580	30	1.00	-1.00	-	57.5	1.400e+01	9.981e-01	6.000e+00	2.138e-02	3.328e-01	1.347e-01	2.474e+00	8.254e-01	t
NA97-24g	100	580	30	1.00	-1.00	-	57.3	1.300e+01	9.760e-01	6.000e+00	2.333e-02	3.404e-01	1.497e-01	2.437e+00	7.360e-01	t
NA97-24g	200	560	30	1.00	-1.00	-	56.7	1.100e+01	9.347e-01	5.000e+00	2.887e-02	3.554e-01	1.544e-01	2.719e+00	7.509e-01	t
NA97-24g	200	580	30	1.00	-1.00	-	56.6	1.200e+01	9.405e-01	6.000e+00	2.341e-02	3.532e-01	1.385e-01	2.348e+00	5.548e-01	t
NA97-24g	300	560	30	1.00	-1.00	-	55.8	1.000e+01	8.681e-01	5.000e+00	3.050e-02	3.826e-01	1.575e-01	2.681e+00	6.747e-01	t
NA97-24g	300	580	30	1.00	-1.00	-	55.9	1.100e+01	8.739e-01	6.000e+00	2.446e-02	3.801e-01	1.383e-01	2.296e+00	4.979e-01	t
NA97-24g	350	560	30	1.00	-1.00	-	54.8	9.000e+00	7.888e-01	5.000e+00	3.136e-02	4.211e-01	1.426e-01	2.875e+00	5.453e-01	t
NA97-24g	350	580	30	1.00	-1.00	-	55.1	1.000e+01	7.946e-01	6.000e+00	2.500e-02	4.181e-01	1.184e-01	2.439e+00	4.008e-01	t
